. . 11151551 Gomueuus.
11151551955155559,15.34,15116.
ῃ ¹llichael Nicomedes6sis 181, 4“. 196,

331

115555165555555138,11.147,13.

ἶ 11101114

Naairaai 270, 9.

11551515151146,’,10 149,3. 150, Neapolis propa 65515 69, 8.

14. 166, 9
88115515
llars

’ 1155555555 115, 5.

1155551155 118, 1.

1151115115.

115115555ςηὶ5 21, 3. 46, 14.
μέδιμνος 51555158, 9.
115115155555 313, 16.
’15155555 114,10.
1151155555151515 168, 4.

Melitene 22, 10. 78, 16. 93, 7.

aa, s. ror, s. 121, 15. sos, 5.

135, 7. 183, 16. 117, 8.
1155555 189, 11.
. Mesopotamia 78,15. 93, 6. 97,1.
115, 17. 131,,11. 158, 17.
1151511515 castellum 189, 17. 191,

S. 11151551615515 551155 104,17.
11151551 1111511515 8,6. 97,13. 98,
16.101,11.111,13.114,13·’

’ 118,16 110,19.11,4 11118,
. 13. 131, 7. 135,10. 136, 4.

. ’ 151, 17. 153,13.154,19. 658,
23. 161,10. 167, 4. 188, 6.
. 196, 18. 144, 6. 14918156,

- 1.191,11.311,10.

’ 11151551 Β515515155 130, 11. 134,
. 11.136,11. “ ’

⁴llichael 651551515510,11.

, . 11151551 cerularius 5511151515 56,

”ι5ῑ,

·1.0

-ἴ 2 11151551 15511555 8,19.
11151551 15555155556169, 19. 171,
“11804170,10,175,3.188,·

. ,. 16. 308, 9. ·
,· 1115155181551151155551, 10. 94, 11. 251, 191'

5555561555 101, 5. ”
1155511551551199.
, 115555155115 137, 3 5118.

; ’ 1155555σὶ. q. Sauras mons 133, 16

munera 55555 senatoribus (1515111,

15

1155551565 90,1.
115551155558113
11555515555,15.“

Nemitaia 221, 6.

Nemitrus 115,15. 147, 1.
Neocaesarea 105, 11.
Neocaesareuses 178, 19.
Nephthalitae v. lluuui N.

Neos 155515 114, 15. .

Nestor 555155515105,7. 107,11.
Nestorius haeresiarcha 97, 3.

Nicaea 54, 13. 91, 1. 113,8. 165,

45410. 306, 65.
11155515555Β511515155 imperatoris
5555130, 3.

Nicephorus Β515515155 39, 10. 56,
3 83 11. 96, 85118. 97, 13.
101,1.188,15. 113, 3151,
14155, 9. 156, 17. 158, 13.,
160, 21. 163, 5269, 9.

NicephorusBryeuarus154, 3141,
1514611. 249, 11 161, 8.
184, 10. 191.

1155515555 logotheta 18515 199,
5,,100 13.108,16.146,1
1155515515115555117, 17. 113, 4.
8. Nicolai monasterium 92, 8.
Nicomedia 54, 20. 189, 7. 168, 7.

Nilus ll. 274, 1.

nobilissimus 17,13’. 186,11. 198,
18. 555, o.

novellae 311, 11. 313, 1. 316, 1.

5555555 occidentalis.

Olympus mous 92, 22.

6 pandectae 1151155143, 1.

·J Pactolusll. 173, 22. ·
palatium australe 10,17, ma.

guum 170, 16. septentrionale·

19, 17. 5515115 ambo 171, 3.

5515111 custodes 19417. 196, 1
Pancratius abasgos 136, 6.
Pancratius Armenius 80, 11,.
1551515911, 149, 4 ,, .

8. Pantaleam6u 151, 5. ,51155555 ’

15511555515173,1. .⁷ Ι

.’ 55555515, 5. 56, 55. 55, ’.55 ’

155555555καὶ οἰκίαι 59,13.
patricii 11, 18. 22, 8. 114, 13.
88. patrumtcmplumNicaeae 91, 6.
Patuinaci 30, 6. 40, 19. 83, 3.

. 5.),14.81,15.155,5.159,5.

161,11.190,16.198,11.
coo, 2.

 

