1161611611.

81111116 ¹65, 18.

Penius prohedrus ¹68, 7. “

Peloponnesi iudex 1. iudex.

Perinthus 260, 14.

16161643, 21. 101, 20. 106, ¹¹.

16116116 rex 219, 22.

161111 16, 6.

1611161166111116 111, ¹.

Pher-armanus 16661166116, ¹¹¹.

Philaretuo Bnehamiuo 132, 10.
301, 8.

1116611116 217, 6.

Phoenicia 268, 21.

Phrygia 78, 21. 103, 4.

1119691223, 22.

Pipernde 11616116111111169, 7.

Pisidia ¹36, 16. 173, 1.

1661111 clausura 121,13, 173, 23.

Polemon 66, 6.

1611166 279, 13. Ponticum 111116
206, 19. ,

praefectus 111116 1. ἔπαρχος.

Praenetum 268, 6. 272, 16 6123.

ρ1161661111633,,22. .

Ρ116611111111 11131137, 21.

Preopa 116. 230, 18.

116111161111 1. μέδιμνος.

Principio ino. 13, 9.

· prodigia

11666611661628, 12.

1161166116 66, 12, 69,10. 142,19.’
168, 7. 170, 11. 199, 13. 242,
16. 247, 12. 26620. philoao.
phorum 21,19. proiooyncelio-
11111180,10. .

, 1161161116 20, 11. 102, 7. 179, 6.

πρωτορεσ1ιᾶρι61 66, 131 275,15.

πρωτοπρόεδρος 138, 21. 169, 23.

173, 16. 180, 10. 2ἕ7, 10.
πρώιος doctoque 16 , 14.
aaaron βέσῐης 167, 14. 192, 10.
πρωτοσύγκελλοι 130, 10.
Pylae 268, 6.
16616132, 11.

rex 221, 7.
Rhaedeoteni 244, 22.

11111εὰ66116 28, 12. 89, 23. 201,

1ψ1ωω66ω,

efferacius 661116 36, 16.

86111221, 3. 1111611218, 1 61

&S

7. 1611218, 6. 666166111111
9,12. κρηπῖδες Ῥωμαΐκαί 41, 6.

§dyo 1¹3, 6. 261, 3.

Romanopolis 132, 1.

Romanus Diogenes 97, 7. 179, 22.

Romanus 6161611616111116286, 12.

1116111116 268, 8.

1116611116 148, 22. 183,11. 1881. ’
ffinmwfflmm
11. 252, 21. 269,4. 270,9. 271,
23. 288, 22.

1111661 264, 23. 1111661616 nereo
’10,0122426321. ‘1²qu 61116

σηκελλῶριος βασιλικός 278, 21.

8111611116111116 123, 11. ,

Samuel 81111161116111230, 17.

Sangarius 11. 146, ’19. 184, 22.

Saraceni 109, 106121.

81161161616 mona 138, 3.

81111166 10, 6. 67, 1, 97, 16.

Sauromatae 66, 20. 97, 17. 116.-
111111147,1. “

661116 278, 6.

scholarum σύνταγμα 112, 10.

Scipio Africanus 218, 22.

Scipio Aaia¹ieuo 219, 14.

Scythae 142,17. 300, 22. 1616111111
302, 14. 1111111161 30, 6. 36,

*wnffinmn

8611Ζῗ1616105, 4. 13614. 139, 20.

μμ

sebasteni 105, 23. 107, 1.

σεβαστός 299, 6.

σεβαστοφόρος 20, 1.

6116116304, 13. oenomao! 50,
15. osanam& ζητήματα 76, 8.
ἱσεκ-ρεηκαὶ ὑποθέσεις 180, 22.

σελάριοι 277, 2.

Seleucia 137, 6.

86116 8611111167, 9. ¹

Selymbria 23, 11. 260, 20. ¹ .

Semiramidis moenia 261, 2.

61611118, 21.

Side 180, 10.

ἦ 61616636, 21. 36, 6.

81311117, 11.

Sirenes

S. Sophia 12, 13. 16, 20. 16, 17.
66, 22.,69, 19. 60, 12. 74, 12.
100, 3. 25614. 269, 4. 270, 4. '
271,17. 320, 6. Nicaeae 91, 6.

86111611 11616189, 16(

 

